100000110111001101100010000101110 01100101100010101
001111100011000001100001111001111 10100000000101111
010111000011111000111100010100101 10011000100100001
001111001001000111010110100100001 10010011001000100
101000011101111100010101111010100 00110111110010011
100100010101100111100110010000000 01110111100110100
100101110001110101101111011001011 10000110100000110
011001000010000000111001101011000 10011101110011000
001110111110110100110100101111011 01110000101010101
011010100100100101011101000010101 11000111010100111
