10000110010101011110100010101111 10001010100101101
10001111111010000110001010110000 01110010001001000
00100001111000101101000110011101 01110111010111111
01011110011000100110010100101100 01000100100101000
10111101101000011100100011100000 10011111110111101
11001111111000000101101000100010 10000111101000010
00111010011011010100100001001010 00110000011111100
11110000010001010000011010010110 00100011101000110
10111001000101010001011111001111 00010011011111100
10000110000110011011011111101011 01100010100000001
